camera_matrix:
- - 922.7503028437303
  - 0.0
  - 243.20738754885355
- - 0.0
  - 914.1103523828958
  - 220.32138529811346
- - 0.0
  - 0.0
  - 1.0
distortion_coefficients:
- - 0.35298265076934493
  - 1.7570362530713934
  - 0.012339221144009779
  - -0.028478785174194707
  - -38.62337635852836
g_gh1:
- 0.8389989187733667
- 0.06716768763048285
- -0.5155398620670687
- 0.0521017090129347
g_gh2:
- 0.47373924344235474
- -0.17492008530440986
- -0.8936119104905959
- -0.061251980043024276
