camera_matrix:
- - 922.7503028437303
  - 0.0
  - 243.20738754885355
- - 0.0
  - 914.1103523828958
  - 220.32138529811346
- - 0.0
  - 0.0
  - 1.0
distortion_coefficients:
- - 0.35298265076934493
  - 1.7570362530713934
  - 0.012339221144009779
  - -0.028478785174194707
  - -38.62337635852836
g_gh1:
- - 0.2355149430972698
  - 0.21946935189946767
  - -0.9467660297849294
  - 0.6014255548554489
- - -0.107261044404048
  - 0.9740872709998253
  - 0.199120709192856
  - -0.004284606131314095
- - 0.9659336312248596
  - 0.05465521066596212
  - 0.2529526201007148
  - 0.02449677675436268
- - 0.0
  - 0.0
  - 0.0
  - 1.0
g_gh2:
- - -0.795563237289199
  - 0.15289564856469345
  - -0.586261081877274
  - 0.3295173814915363
- - 0.08773533921052483
  - 0.986507681138211
  - 0.13822121873621304
  - 0.08824097086162341
- - 0.5994844833084044
  - 0.05852790535540811
  - -0.7982435960076122
  - 1.0596637518335421
- - 0.0
  - 0.0
  - 0.0
  - 1.0
g_gh3:
- - -0.9287230348130446
  - 0.12583731055336608
  - -0.3487671083693906
  - 0.4415360818505998
- - 0.08676899110637211
  - 0.988288646413824
  - 0.12552566889650132
  - 0.09401278614806574
- - 0.36047838602339644
  - 0.08631641004019709
  - -0.9287652074489762
  - 1.0942372468568067
- - 0.0
  - 0.0
  - 0.0
  - 1.0
g_gh4:
- - -0.8069881510109692
  - 0.05047139019472887
  - 0.5884069704717204
  - -0.2795529458071248
- - -0.06083848812946457
  - 0.9839356558558138
  - -0.16783713384620894
  - 0.6488662785570758
- - -0.587425571872743
  - -0.17124036880187046
  - -0.7909538125596094
  - 1.4760614650149297
- - 0.0
  - 0.0
  - 0.0
  - 1.0
