camera_matrix:
- - 922.7503028437303
  - 0.0
  - 243.20738754885355
- - 0.0
  - 914.1103523828958
  - 220.32138529811346
- - 0.0
  - 0.0
  - 1.0
distortion_coefficients:
- - 0.35298265076934493
  - 1.7570362530713934
  - 0.012339221144009779
  - -0.028478785174194707
  - -38.62337635852836
g_gh1:
- - 0.35710128333295116
  - 0.3799036505198677
  - -0.8533181644402262
  - 0.5381728671888755
- - -0.10316451127434324
  - 0.9240049025660626
  - 0.368201064158439
  - -0.008233368541792338
- - 0.9283510957905337
  - -0.043452921139541356
  - 0.36915591094950106
  - 0.05639238738074037
- - 0.0
  - 0.0
  - 0.0
  - 1.0
g_gh2:
- - 0.458573409900837
  - 0.3122461550497757
  - -0.8319932490041902
  - 1.0615424582484418
- - 0.21928310755023844
  - 0.8675262888479306
  - 0.44644490914428275
  - -0.016917434160174914
- - 0.8611767219769871
  - -0.38716982942162165
  - 0.3293541812556861
  - 0.13399364224439614
- - 0.0
  - 0.0
  - 0.0
  - 1.0
g_gh3:
- - 0.5695012405966785
  - 0.22671384251938337
  - -0.7901070627256389
  - 1.4847183157159232
- - 0.19059828932125333
  - 0.8985933665305532
  - 0.3952243081278
  - 0.020847010133785808
- - 0.799587786966919
  - -0.37567378832889375
  - 0.46853876648145437
  - -0.11426131914619843
- - 0.0
  - 0.0
  - 0.0
  - 1.0
g_gh4:
- - -0.15206700869342699
  - 0.8219564397768592
  - -0.548874517514142
  - 1.0158204842772474
- - 0.5056978372756523
  - 0.5418439719257807
  - 0.6713231766164648
  - -0.27708781443931724
- - 0.8492027568500705
  - -0.17547854910798533
  - -0.49805818591926937
  - 1.8818306667430336
- - 0.0
  - 0.0
  - 0.0
  - 1.0
