camera_matrix:
- - 3701.9611619103302
  - 0.0
  - 499.35528945656284
- - 0.0
  - 3685.8161957295824
  - 276.15530885675025
- - 0.0
  - 0.0
  - 1.0
distortion_coefficients:
- - -1.388880697375689
  - 99.95720212126027
  - 0.11223401312052274
  - -0.00785574685062191
  - -13.893887063073594
